10	31.3
        100
0 0
  1              35            -56             60
  2              72            -58             18
  3              70            -66             26
  4              45            -40             15
  5              39            -40             44
  6              60            -50             32
  7              42            -59             20
  8              31            -46             10
  9              44            -58             27
 10              25             11             11

      31.3
  3    0    0
  3   10    1    3
  4    5    9    8    2
  3    6    4    7